     4.0    18.0  2018.0 16 14 20                                       
     1.0E-09     1.0E-09
     1.00000000e-05 1.00000000 1.00000000   99.0
430.00000000
 0.0900000 0.0000000
     0.00000e+00     8.34000e+28     2.48000e-10
 0.727 0.777 0.872 0.727
 1.40000000 2.30000000 1.00000000
 1.11000000 1.00000000 1.00000000
-4.28000000-4.10000000-4.44000000
 0.90000000 0.90000000 0.90000000 1.00000000
 1.20000000 1.24000000 1.04000000
 1.60000000 2.25000000 1.79000000 1.60000000
 0.00300000-0.00100000 0.00500000
     1.5e+13     1.5e+12
 1.00000000 12.00 1.00 1.00
     1.0e-06     1.0e-05     1.0e-04     1.0e-03     1.0e-02     1.0e-01  
     1.0e+00     1.0e+01     5.0e+01     2.5e+02     1.3e+03     6.3e+03  
     1.6e+04     3.9e+04     9.8e+04     2.4e+05     6.1e+05     1.5e+06  
     3.8e+06     9.5e+06  
N
 1.0000 1.0000 1.0000 1.0000 1.0000 1.0000
 1.0000 1.0000 1.0000 1.0000 1.0000 1.0000
 1.0000 1.0000 1.0000 
 1.0000 1.0000 1.0000 1.0000 1.0000 1.0000
 1.0000 1.0000 1.0000 1.0000 1.0000 1.0000
 1.0000 1.0000 1.0000 
 0.1231 0.2991 0.3912 0.4573 0.5100 0.6988
 0.8144 0.8969 0.9613 1.0150 1.0000 1.0000
 1.0000 1.0000 1.0000 
 1.1670 1.1334 1.1160 1.1033 1.0933 1.0574
 1.0354 1.0196 1.0074 0.9971 1.0000 1.0000
 1.0000 1.0000 1.0000 
 1.0000 1.0000 1.0000 1.0000 1.0000 1.0000
 1.0000 1.0000 1.0000 1.0000 1.0000 1.0000
 1.0000 1.0000 1.0000 
 1.0000 1.0000 1.0000 1.0000 1.0000 1.0000
 1.0000 1.0000 1.0000 1.0000 1.0000 1.0000
 1.0000 1.0000 1.0000 


